1, -28.71, -129.79
0, -28.38, -130.71
1, 6.42, -154.6
0, 6.42, -154.6
0, 6.27, -154.69
0, 6.27, -154.69
0, 5.42, -155.29
0, 4.63, -155.96
0, 4.63, -155.96
0, 4.29, -156.14
0, 4.29, -156.14
0, 3.95, -156.31
0, 3.44, -156.58
0, 3.44, -156.58
0, 0.53, -157.99
0, -1.23, -158.77
0, -1.3, -158.69
0, -1.3, -158.69
0, -1.3, -158.69
0, -1.37, -158.61
0, -1.17, -158.53
0, -1.25, -158.45
0, -1.25, -158.45
0, -1.32, -158.37
0, -1.32, -158.37
0, -1.32, -158.37
0, -1.52, -158.46
0, -1.79, -158.46
0, -1.79, -158.46
0, -2.05, -158.47
0, -2.25, -158.55
0, -2.12, -158.39
0, -2.32, -158.47
0, -2.39, -158.39
0, -2.39, -158.39
0, -2.39, -158.39
0, -2.46, -158.31
0, -2.26, -158.23
0, -2.4, -158.06
0, -2.54, -157.9
0, -2.54, -157.9
0, -2.54, -157.9
0, -2.73, -157.99
0, -2.8, -157.9
0, -2.8, -157.9
0, -3.0, -157.99
0, -2.93, -158.07
0, -2.93, -158.07
0, -2.93, -158.07
0, -3.13, -158.15
0, -3.32, -158.23
0, -3.32, -158.23
0, -3.32, -158.23
0, -3.32, -158.23
0, -3.39, -158.15
0, -3.39, -158.15
0, -3.45, -158.07
0, -3.45, -158.07
0, -3.52, -157.99
0, -3.52, -157.99
0, -3.52, -157.66
0, -3.72, -157.41
0, -3.72, -157.41
0, -3.78, -157.33
0, -3.97, -157.41
0, -3.97, -157.41
0, -3.97, -157.41
0, -4.23, -157.41
0, -4.42, -157.49
0, -4.48, -157.4
0, -4.42, -157.49
0, -4.61, -157.56
0, -4.61, -157.56
0, -4.61, -157.56
0, -4.61, -157.56
0, -4.55, -157.65
0, -4.55, -157.65
0, -4.55, -157.65
0, -4.55, -157.65
0, -4.49, -157.73
0, -4.49, -157.73
0, -4.42, -157.82
0, -4.36, -157.9
0, -4.36, -157.9
0, -4.36, -157.9
0, -4.56, -157.98
0, -4.62, -157.9
0, -4.62, -157.9
0, -4.62, -157.9
0, -4.62, -157.9
0, -4.94, -157.81
0, -4.94, -157.81
0, -5.37, -157.55
0, -5.37, -157.55
0, -5.37, -157.55
0, -5.43, -157.46
0, -5.43, -157.46
0, -5.43, -157.46
0, -5.36, -157.22
0, -5.55, -157.29
0, -5.48, -157.05
0, -5.67, -157.12
0, -5.67, -157.12
0, -5.67, -157.12
0, -5.73, -157.04
0, -5.91, -157.11
0, -5.91, -157.11
0, -5.86, -157.2
0, -6.05, -157.28
0, -6.05, -157.28
0, -6.24, -157.35
0, -6.24, -157.35
0, -6.24, -157.35
0, -6.43, -157.43
0, -6.43, -157.43
0, -6.49, -157.34
0, -6.49, -157.34
0, -6.49, -157.34
0, -6.54, -157.26
0, -6.54, -157.26
0, -6.6, -157.17
0, -6.41, -157.09
0, -6.58, -156.84
0, -6.75, -156.58
0, -6.75, -156.58
0, -6.8, -156.49
0, -6.8, -156.49
0, -6.99, -156.56
0, -6.99, -156.56
0, -6.99, -156.56
0, -6.99, -156.56
0, -6.99, -156.56
0, -7.17, -156.64
0, -7.17, -156.64
0, -7.31, -156.8
0, -7.5, -156.87
0, -7.55, -156.78
0, -7.55, -156.78
0, -7.55, -156.78
0, -7.55, -156.78
0, -7.55, -156.78
0, -7.55, -156.78
0, -7.6, -156.7
0, -7.6, -156.7
0, -7.65, -156.61
0, -7.47, -156.54
0, -7.57, -156.36
0, -7.57, -156.36
0, -7.89, -155.84
0, -8.1, -155.48
0, -8.1, -155.48
0, -8.26, -155.22
0, -8.21, -155.31
0, -8.21, -155.31
0, -8.09, -155.15
0, -8.09, -155.15
0, -7.96, -154.99
0, -7.79, -154.92
0, -7.84, -154.84
0, -7.84, -154.84
0, -7.9, -154.75
0, -7.95, -154.66
0, -7.95, -154.66
0, -8.06, -154.49
0, -8.38, -153.96
0, -8.7, -153.43
0, -8.8, -153.25
0, -8.8, -153.25
0, -8.91, -153.08
0, -8.7, -153.1
0, -8.7, -153.1
0, -8.33, -152.4
0, -8.27, -152.49
0, -8.33, -152.4
0, -8.27, -152.49
0, -8.27, -152.49
0, -8.22, -152.57
0, -8.38, -152.64
0, -8.38, -152.64
0, -8.38, -152.64
0, -8.38, -152.64
0, -8.38, -152.64
0, -8.54, -152.71
0, -8.54, -152.71
0, -8.64, -152.86
0, -8.64, -152.86
0, -8.8, -152.92
0, -8.86, -152.84
0, -8.86, -152.84
0, -8.86, -152.84
0, -8.75, -152.68
0, -8.75, -152.68
0, -8.75, -152.68
0, -8.8, -152.59
0, -8.75, -152.68
0, -8.75, -152.35
0, -8.59, -152.29
0, -8.39, -151.98
0, -8.0, -151.38
0, -7.64, -150.77
0, -7.64, -150.77
0, -7.32, -150.41
0, -7.32, -150.41
0, -7.01, -150.04
0, -7.01, -150.04
0, -6.64, -149.76
0, -6.64, -149.76
0, -6.5, -149.7
0, -6.5, -149.7
0, -6.36, -149.63
0, -6.36, -149.63
0, -6.22, -149.57
0, -6.22, -149.57
0, -6.22, -149.57
0, -6.29, -149.48
0, -6.29, -149.48
0, -6.29, -149.48
0, -6.43, -149.55
0, -6.49, -149.46
0, -6.49, -149.46
0, -6.55, -149.38
0, -6.55, -149.38
0, -6.55, -149.38
0, -6.61, -149.29
0, -6.47, -149.23
0, -6.47, -149.23
0, -6.47, -149.23
0, -6.41, -149.31
0, -6.41, -149.31
0, -6.14, -149.18
0, -6.14, -149.18
0, -5.59, -148.92
0, -4.66, -148.45
0, -4.66, -148.45
0, -3.11, -147.64
0, -2.37, -147.23
0, -2.37, -147.23
0, -1.88, -146.95
0, -1.88, -146.95
0, -1.68, -146.96
0, -1.68, -146.96
0, -1.61, -147.04
0, -1.42, -147.05
0, -1.42, -147.05
0, -1.22, -147.06
0, -1.22, -147.06
0, -0.78, -146.92
0, -0.78, -146.92
0, -0.16, -146.79
0, -0.23, -146.71
0, -0.04, -146.72
0, -0.12, -146.64
0, 0.0, -146.57
0, 0.0, -146.57
0, 0.04, -146.42
0, 0.04, -146.42
0, 0.04, -146.42
0, 0.16, -146.35
0, 0.16, -146.35
0, 0.23, -146.43
0, 0.23, -146.43
0, 0.35, -146.35
0, 0.35, -146.35
0, 0.74, -146.36
0, 1.13, -146.37
0, 1.13, -146.37
0, 1.2, -146.44
0, 1.2, -146.44
0, 1.4, -146.44
0, 1.4, -146.44
0, 1.48, -146.52
0, 1.75, -146.6
0, 1.75, -146.6
0, 1.84, -146.67
0, 1.84, -146.67
0, 2.03, -146.67
0, 1.95, -146.6
0, 2.06, -146.52
0, 2.06, -146.52
0, 2.18, -146.45
0, 2.21, -146.3
0, 2.29, -146.37
0, 2.4, -146.3
0, 2.29, -146.37
0, 2.49, -146.37
0, 2.49, -146.37
0, 2.68, -146.37
0, 2.76, -146.44
0, 2.88, -146.37
0, 3.07, -146.36
0, 2.99, -146.29
0, 3.1, -146.21
0, 3.1, -146.21
0, 3.32, -146.06
0, 3.54, -145.91
0, 3.54, -145.91
0, 3.65, -145.83
0, 3.65, -145.83
0, 3.95, -145.75
0, 3.95, -145.75
0, 4.14, -145.75
0, 4.44, -145.66
0, 4.44, -145.66
0, 4.63, -145.66
0, 4.55, -145.59
0, 4.65, -145.51
0, 4.65, -145.51
0, 4.76, -145.43
0, 4.76, -145.43
0, 4.86, -145.35
0, 4.86, -145.35
0, 4.97, -145.28
0, 4.95, -145.42
0, 5.35, -145.26
0, 5.35, -145.26
0, 5.54, -145.25
0, 5.44, -145.33
0, 5.54, -145.25
0, 5.53, -145.4
0, 5.44, -145.33
0, 5.53, -145.4
0, 5.42, -145.48
0, 5.42, -145.48
0, 5.42, -145.48
0, 5.51, -145.55
0, 5.51, -145.55
0, 5.6, -145.62
0, 5.7, -145.54
0, 5.79, -145.61
0, 5.79, -145.61
0, 5.98, -145.6
0, 5.98, -145.6
0, 6.18, -145.59
0, 6.28, -145.51
0, 6.37, -145.58
0, 6.47, -145.5
0, 6.46, -145.65
0, 6.55, -145.72
0, 6.55, -145.72
0, 6.82, -145.92
0, 6.82, -145.92
0, 7.27, -146.26
0, 9.04, -147.52
0, 9.91, -148.1
0, 10.3, -148.35
0, 10.6, -148.54
0, 10.49, -148.62
0, 10.57, -148.83
0, 10.57, -148.83
0, 10.56, -148.98
0, 10.46, -148.92
0, 10.45, -149.07
0, 10.35, -149.01
0, 10.12, -149.18
0, 10.12, -149.18
0, 9.89, -149.35
0, 9.89, -149.35
0, 9.78, -149.44
0, 9.78, -149.44
0, 9.76, -149.59
0, 9.76, -149.59
0, 9.74, -149.74
0, 9.74, -149.74
0, 9.72, -149.89
0, 9.72, -149.89
0, 9.6, -149.97
0, 9.7, -150.04
0, 9.58, -150.13
0, 9.58, -150.13
0, 9.49, -150.06
0, 9.37, -150.15
0, 9.25, -150.23
0, 9.25, -150.23
0, 9.22, -150.38
0, 9.22, -150.38
0, 9.2, -150.54
0, 9.32, -150.45
0, 9.3, -150.6
0, 9.27, -150.75
0, 9.27, -150.75
0, 9.15, -150.84
0, 9.15, -150.84
0, 9.02, -150.92
0, 9.02, -150.92
0, 8.8, -150.95
0, 8.8, -150.95
0, 8.9, -151.01
0, 8.77, -151.1
0, 8.77, -151.1
0, 8.74, -151.25
0, 8.74, -151.25
0, 8.71, -151.4
0, 8.71, -151.4
0, 8.78, -151.62
0, 8.75, -151.77
0, 8.62, -151.86
0, 8.71, -151.92
0, 8.71, -151.92
0, 8.58, -152.01
0, 8.45, -152.09
0, 8.45, -152.09
0, 8.45, -152.09
0, 8.18, -152.27
0, 8.18, -152.27
0, 7.91, -152.44
0, 7.5, -152.7
0, 7.5, -152.7
0, 7.36, -152.79
0, 7.36, -152.79
0, 7.22, -152.88
0, 7.32, -152.95
0, 7.13, -153.19
0, 7.27, -153.1
0, 7.18, -153.41
0, 7.18, -153.41
0, 7.13, -153.94
0, 7.13, -153.94
0, 6.93, -154.18
0, 6.93, -154.18
0, 6.73, -154.43
0, 6.73, -154.43
0, 6.67, -154.58
0, 6.57, -154.51
0, 6.57, -154.51
0, 6.57, -154.51
0, 6.42, -154.6
0, 6.33, -154.53
0, 6.17, -154.62
0, 6.33, -154.53
0, 6.08, -154.55
0, 6.08, -154.55
0, 5.99, -154.49
0, 6.14, -154.4
0, 6.04, -154.33
0, 6.04, -154.33
0, 6.04, -154.33
0, 6.04, -154.33
0, 6.16, -154.02
0, 6.16, -154.02
0, 6.21, -153.86
0, 6.21, -153.86
0, 6.51, -153.31
0, 6.51, -153.31
0, 6.61, -153.0
0, 6.61, -153.0
0, 6.56, -152.78
0, 6.56, -152.78
0, 6.56, -152.78
0, 6.42, -152.87
0, 6.42, -152.87
0, 6.42, -152.87
0, 6.42, -152.87
0, 6.42, -152.87
0, 6.38, -153.02
0, 6.38, -153.02
0, 6.09, -153.19
0, 6.09, -153.19
0, 5.71, -153.3
0, 5.71, -153.3
0, 5.56, -153.38
0, 5.65, -153.45
0, 5.65, -153.45
0, 5.65, -153.45
0, 5.65, -153.45
0, 5.75, -153.52
0, 5.88, -153.81
0, 5.88, -153.81
0, 6.01, -154.11
0, 6.01, -154.11
0, 6.42, -154.6
0, 6.42, -154.6
0, 6.27, -154.69
0, 6.27, -154.69
0, 5.74, -155.11
1, 23.69, -133.29
0, 23.69, -133.29
0, 23.95, -133.84
0, 24.0, -134.31
0, 24.0, -134.31
0, 24.09, -134.68
0, 24.09, -134.68
0, 24.12, -134.91
0, 24.12, -134.91
0, 24.0, -135.2
0, 24.0, -135.2
0, 23.88, -135.48
0, 23.88, -135.48
0, 23.59, -136.15
0, 23.59, -136.15
0, 23.46, -136.43
0, 23.46, -136.43
0, 23.37, -136.62
0, 23.37, -136.62
0, 23.33, -136.72
0, 23.43, -136.76
0, 23.38, -136.85
0, 23.49, -136.9
0, 23.59, -136.94
0, 23.65, -137.08
0, 23.55, -137.04
0, 23.61, -137.17
0, 23.61, -137.17
0, 23.5, -137.13
0, 23.47, -137.46
0, 23.47, -137.46
0, 23.23, -137.93
0, 22.99, -138.41
0, 22.73, -138.64
0, 22.73, -138.64
0, 22.52, -138.79
0, 22.52, -138.79
0, 22.36, -138.84
0, 22.26, -139.03
0, 22.26, -139.03
0, 22.1, -139.08
0, 22.05, -139.17
0, 22.05, -139.17
0, 22.05, -139.17
0, 21.99, -139.26
0, 22.04, -139.4
0, 21.94, -139.36
0, 21.88, -139.45
0, 21.88, -139.45
0, 21.72, -139.5
0, 21.72, -139.5
0, 21.51, -139.64
0, 21.34, -139.69
0, 21.34, -139.69
0, 21.23, -139.87
0, 21.23, -139.87
0, 21.17, -139.97
0, 21.17, -139.97
0, 21.11, -140.06
0, 21.11, -140.06
0, 21.11, -140.06
0, 21.06, -140.15
0, 21.06, -140.15
0, 20.89, -140.2
0, 20.89, -140.2
0, 20.79, -140.15
0, 20.62, -140.2
0, 20.62, -140.2
0, 20.46, -140.24
0, 20.56, -140.29
0, 20.5, -140.38
0, 20.5, -140.38
0, 20.44, -140.48
0, 20.38, -140.57
0, 20.38, -140.57
0, 20.32, -140.66
0, 20.28, -140.52
0, 20.22, -140.61
0, 20.22, -140.61
0, 20.05, -140.66
0, 19.78, -140.65
0, 19.71, -140.74
0, 19.55, -140.79
0, 19.55, -140.79
0, 19.27, -140.78
0, 19.27, -140.78
0, 19.11, -140.82
0, 19.17, -140.73
0, 19.11, -140.82
0, 19.07, -140.68
0, 18.96, -140.63
0, 19.07, -140.68
0, 18.96, -140.63
0, 19.03, -140.54
0, 18.92, -140.49
0, 18.92, -140.49
0, 18.88, -140.35
0, 18.95, -140.25
0, 18.84, -140.2
0, 18.8, -140.06
0, 18.74, -140.15
0, 18.7, -140.01
0, 18.7, -140.01
0, 18.6, -139.96
0, 18.53, -140.05
0, 18.33, -139.95
0, 18.02, -139.79
0, 18.02, -139.79
0, 17.92, -139.74
0, 17.92, -139.74
0, 17.82, -139.69
0, 17.88, -139.6
0, 17.85, -139.46
0, 17.85, -139.46
0, 17.91, -139.37
0, 17.87, -139.23
0, 17.81, -139.32
0, 17.77, -139.17
0, 17.77, -139.17
0, 17.67, -139.12
0, 17.6, -139.21
0, 17.5, -139.16
0, 17.4, -139.11
0, 17.4, -139.11
0, 17.37, -138.96
0, 17.47, -139.02
0, 17.43, -138.87
0, 17.43, -138.87
0, 17.39, -138.73
0, 17.35, -138.59
0, 17.35, -138.59
0, 17.25, -138.54
0, 17.25, -138.54
0, 17.15, -138.48
0, 17.15, -138.48
0, 16.89, -138.47
0, 16.69, -138.36
0, 16.69, -138.36
0, 16.65, -138.21
0, 16.65, -138.21
0, 16.62, -138.07
0, 16.62, -138.07
0, 16.68, -137.98
0, 16.68, -137.98
0, 16.64, -137.84
0, 16.64, -137.84
0, 16.54, -137.79
0, 16.54, -137.79
0, 16.44, -137.73
0, 16.44, -137.73
0, 16.34, -137.68
0, 16.18, -137.71
0, 16.24, -137.62
0, 16.24, -137.62
0, 16.24, -137.62
0, 16.21, -137.48
0, 16.21, -137.48
0, 16.17, -137.34
0, 16.23, -137.25
0, 16.13, -137.19
0, 16.19, -137.1
0, 16.03, -137.14
0, 16.03, -137.14
0, 16.03, -137.14
0, 15.93, -137.08
0, 15.84, -137.03
0, 15.84, -137.03
0, 15.74, -136.97
0, 15.8, -136.88
0, 15.7, -136.83
0, 15.8, -136.88
0, 15.76, -136.74
0, 15.72, -136.6
0, 15.72, -136.6
0, 15.68, -136.45
0, 15.63, -136.54
0, 15.53, -136.49
0, 15.53, -136.49
0, 15.43, -136.43
0, 15.34, -136.37
0, 15.43, -136.43
0, 15.34, -136.37
0, 15.39, -136.29
0, 15.39, -136.29
0, 15.39, -136.29
0, 15.49, -136.34
0, 15.55, -136.25
0, 15.55, -136.25
0, 15.6, -136.17
0, 15.66, -136.08
0, 15.66, -136.08
0, 15.66, -136.08
0, 15.57, -136.02
0, 15.57, -136.02
0, 15.57, -136.02
0, 15.57, -136.02
0, 15.47, -135.97
0, 15.41, -136.05
0, 15.32, -136.0
0, 15.22, -135.94
0, 15.22, -135.94
0, 15.22, -135.94
0, 15.28, -135.85
0, 15.01, -135.45
0, 15.01, -135.45
0, 14.97, -135.31
0, 14.97, -135.31
0, 14.97, -135.31
0, 14.97, -135.31
0, 15.07, -135.37
0, 15.07, -135.37
0, 15.07, -135.37
0, 15.16, -135.42
0, 15.26, -135.48
0, 15.35, -135.53
0, 15.35, -135.53
0, 15.35, -135.53
0, 15.35, -135.53
0, 15.45, -135.59
0, 15.41, -135.45
0, 15.41, -135.45
0, 15.5, -135.5
0, 15.41, -135.45
0, 15.41, -135.45
0, 15.46, -135.36
0, 15.37, -135.3
0, 15.37, -135.3
0, 15.37, -135.3
0, 15.33, -135.16
0, 15.33, -135.16
0, 15.23, -135.1
0, 15.23, -135.1
0, 15.23, -135.1
0, 15.23, -135.1
0, 15.08, -135.13
0, 14.99, -135.08
0, 14.99, -135.08
0, 14.99, -135.08
0, 15.04, -134.99
0, 14.95, -134.93
0, 15.04, -134.99
0, 15.1, -134.9
0, 15.1, -134.9
0, 15.1, -134.9
0, 15.15, -134.81
0, 15.15, -134.81
0, 15.3, -134.78
0, 15.2, -134.73
0, 15.26, -134.64
0, 15.26, -134.64
0, 15.23, -134.26
0, 15.23, -134.26
0, 15.18, -134.12
0, 15.13, -134.21
0, 15.13, -134.21
0, 15.04, -134.15
0, 15.04, -134.15
0, 15.08, -134.29
0, 15.08, -134.29
0, 15.08, -134.29
0, 15.08, -134.29
0, 15.03, -134.38
0, 15.03, -134.38
0, 14.92, -134.56
0, 14.87, -134.65
0, 14.87, -134.65
0, 14.87, -134.65
0, 14.87, -134.65
0, 14.83, -134.5
0, 14.83, -134.5
0, 14.97, -134.47
0, 14.97, -134.47
0, 14.97, -134.47
0, 14.97, -134.47
0, 15.16, -133.51
0, 15.16, -133.51
0, 15.21, -133.42
0, 15.21, -133.42
0, 15.26, -133.33
0, 15.26, -133.33
0, 15.31, -133.25
0, 15.31, -133.25
0, 15.31, -133.25
0, 15.22, -133.19
0, 15.17, -133.05
0, 15.17, -133.05
0, 15.08, -132.99
0, 15.08, -132.99
0, 15.03, -133.08
0, 14.94, -133.02
0, 15.03, -133.08
0, 14.89, -133.11
0, 14.98, -133.17
0, 14.84, -133.2
0, 14.84, -133.2
0, 14.73, -133.37
0, 14.68, -133.46
0, 14.68, -133.46
0, 14.64, -133.32
0, 14.64, -133.32
0, 14.69, -133.23
0, 14.78, -133.28
0, 14.74, -133.14
0, 14.84, -133.2
0, 15.0, -132.24
0, 15.0, -132.24
0, 15.05, -132.15
0, 15.05, -132.15
0, 15.14, -131.97
0, 15.37, -131.76
0, 15.37, -131.76
0, 15.46, -131.58
0, 15.46, -131.58
0, 15.51, -131.49
0, 15.51, -131.49
0, 15.42, -131.44
0, 15.42, -131.44
0, 15.37, -131.29
0, 15.37, -131.29
0, 15.32, -131.15
0, 15.23, -131.09
0, 15.23, -131.09
0, 15.27, -131.01
0, 15.27, -131.01
0, 15.27, -131.01
0, 15.41, -130.74
0, 15.41, -130.74
0, 15.58, -130.38
0, 15.83, -129.85
0, 15.83, -129.85
0, 16.03, -129.4
0, 16.15, -129.13
0, 16.15, -129.13
0, 16.32, -129.0
0, 16.32, -129.0
0, 16.32, -129.0
0, 16.41, -129.06
0, 16.41, -129.06
0, 16.54, -129.02
0, 16.67, -128.98
0, 16.67, -128.98
0, 16.7, -128.89
0, 16.7, -128.89
0, 16.74, -128.8
0, 16.74, -128.8
0, 16.82, -128.62
0, 16.96, -128.25
0, 17.01, -127.84
0, 17.01, -127.84
0, 17.04, -127.74
0, 17.14, -127.8
0, 17.17, -127.71
0, 17.14, -127.8
0, 17.14, -127.8
0, 17.26, -127.76
0, 17.26, -127.76
0, 17.35, -127.81
0, 17.35, -127.81
0, 17.54, -127.91
0, 17.75, -127.93
0, 17.66, -127.87
0, 17.79, -127.83
0, 17.79, -127.83
0, 17.91, -127.79
0, 17.82, -127.74
0, 17.91, -127.79
0, 17.85, -127.65
0, 17.95, -127.7
0, 17.85, -127.65
0, 17.92, -127.47
0, 17.92, -127.47
0, 17.98, -127.28
0, 17.98, -127.28
0, 18.02, -127.19
0, 18.02, -127.19
0, 18.17, -127.05
0, 18.17, -127.05
0, 18.36, -126.83
0, 18.51, -126.69
0, 18.51, -126.69
0, 18.6, -126.41
0, 18.6, -126.41
0, 18.63, -126.32
0, 18.63, -126.32
0, 18.68, -126.13
0, 18.71, -126.04
0, 18.71, -126.04
0, 18.77, -125.85
0, 18.77, -125.85
0, 18.92, -125.71
0, 18.92, -125.71
0, 19.03, -125.67
0, 19.18, -125.53
0, 19.18, -125.53
0, 19.3, -125.48
0, 19.21, -125.43
0, 19.23, -125.34
0, 19.23, -125.34
0, 19.26, -125.24
0, 19.26, -125.24
0, 19.28, -125.15
0, 19.28, -125.15
0, 19.4, -125.1
0, 19.37, -125.2
0, 19.49, -125.15
0, 19.58, -125.2
0, 19.7, -125.15
0, 19.7, -125.15
0, 19.88, -125.25
0, 19.88, -125.25
0, 20.0, -125.2
0, 20.0, -125.2
0, 20.23, -125.11
0, 20.23, -125.11
0, 20.37, -124.96
0, 20.46, -125.01
0, 20.57, -124.96
0, 20.57, -124.96
0, 20.69, -124.91
0, 20.69, -124.91
0, 20.8, -124.86
0, 20.71, -124.82
0, 20.73, -124.72
0, 20.73, -124.72
0, 20.76, -124.63
0, 20.76, -124.63
0, 20.78, -124.53
0, 20.78, -124.53
0, 20.78, -124.53
0, 20.87, -124.58
0, 20.87, -124.58
0, 20.87, -124.58
0, 20.96, -124.62
0, 20.96, -124.62
0, 20.94, -124.72
0, 21.12, -124.81
0, 21.12, -124.81
0, 21.4, -124.95
0, 23.15, -125.78
0, 23.15, -125.78
0, 23.35, -125.77
0, 23.35, -125.77
0, 23.45, -125.81
0, 23.43, -125.91
0, 23.43, -125.91
0, 23.43, -125.91
0, 23.48, -126.14
0, 23.48, -126.14
0, 23.57, -126.18
0, 23.46, -126.24
0, 23.46, -126.24
0, 23.46, -126.24
0, 23.46, -126.24
0, 23.46, -126.24
0, 23.36, -126.2
0, 23.36, -126.2
0, 23.36, -126.2
0, 23.36, -126.2
0, 23.27, -126.15
0, 23.27, -126.15
0, 23.18, -126.11
0, 23.09, -126.07
0, 23.09, -126.07
0, 23.06, -126.17
0, 23.06, -126.17
0, 23.06, -126.17
0, 23.16, -126.21
0, 23.16, -126.21
0, 23.16, -126.21
0, 23.32, -126.39
0, 23.32, -126.39
0, 23.65, -126.75
0, 23.67, -126.66
0, 23.65, -126.75
0, 23.67, -126.66
0, 23.77, -126.7
0, 23.77, -126.7
0, 23.96, -126.78
0, 24.14, -126.86
0, 24.14, -126.86
0, 24.14, -126.86
0, 24.14, -126.86
0, 24.24, -126.9
0, 24.22, -127.0
0, 24.38, -127.18
0, 24.38, -127.18
0, 24.46, -127.32
0, 24.46, -127.32
0, 24.46, -127.32
0, 24.44, -127.42
0, 24.36, -127.28
0, 24.34, -127.38
0, 24.34, -127.38
0, 24.34, -127.38
0, 24.34, -127.38
0, 24.22, -127.43
0, 24.32, -127.47
0, 24.3, -127.57
0, 24.3, -127.57
0, 24.37, -127.71
0, 24.37, -127.71
0, 24.35, -127.81
0, 24.44, -127.85
0, 24.42, -127.94
0, 24.42, -127.94
0, 24.59, -128.12
0, 24.59, -128.12
0, 25.31, -129.49
0, 25.31, -129.49
0, 25.29, -129.59
0, 25.29, -129.59
0, 25.36, -129.73
0, 25.36, -129.73
0, 25.43, -129.87
0, 25.46, -129.77
0, 25.43, -129.87
0, 25.55, -129.81
0, 25.53, -129.91
0, 25.55, -129.81
0, 25.55, -129.81
0, 25.55, -129.81
0, 25.58, -129.71
0, 25.58, -129.71
0, 25.58, -129.71
0, 25.48, -129.67
0, 25.53, -129.48
0, 25.53, -129.48
0, 25.55, -129.38
0, 25.55, -129.38
0, 25.55, -129.38
0, 25.46, -129.34
0, 25.43, -129.44
0, 25.43, -129.44
0, 25.51, -129.57
0, 25.51, -129.57
0, 25.51, -129.57
0, 25.51, -129.57
0, 25.0, -131.42
0, 25.0, -131.42
0, 24.85, -131.9
0, 24.85, -131.9
0, 24.76, -132.19
0, 24.76, -132.19
0, 24.69, -132.39
0, 24.69, -132.39
0, 24.56, -132.44
0, 24.56, -132.44
0, 24.4, -132.59
0, 24.1, -132.8
0, 23.97, -132.85
0, 23.97, -132.85
0, 23.8, -133.0
0, 23.8, -133.0
0, 23.73, -133.19
0, 23.73, -133.19
0, 23.69, -133.29
0, 23.69, -133.29
0, 23.62, -133.48
0, 23.62, -133.48
0, 23.65, -133.71
0, 23.65, -133.71
0, 23.71, -133.85
0, 23.71, -133.85
0, 23.74, -134.08
0, 23.83, -134.45
0, 23.89, -134.59
0, 23.89, -134.59
0, 23.91, -134.82
0, 23.81, -134.78
0, 23.73, -134.97
0, 23.73, -134.97
0, 23.61, -135.26
0, 23.41, -135.73
1, -24.84, -141.46
0, -24.87, -141.36
0, -24.75, -141.33
0, -24.75, -141.33
0, -24.63, -141.29
0, -24.63, -141.29
0, -24.51, -141.26
0, -24.54, -141.16
0, -24.42, -141.13
0, -24.42, -141.13
0, -24.33, -141.0
0, -24.37, -140.9
0, -24.28, -140.77
0, -24.28, -140.77
0, -24.34, -140.57
0, -24.34, -140.57
0, -24.32, -140.24
0, -24.42, -139.94
0, -24.4, -139.61
0, -24.4, -139.61
0, -24.32, -139.48
0, -24.32, -139.48
0, -24.35, -139.38
0, -24.35, -139.38
0, -24.27, -139.25
0, -24.27, -139.25
0, -24.19, -139.12
0, -24.19, -139.12
0, -24.11, -138.99
0, -24.08, -139.09
0, -23.89, -138.92
0, -23.89, -138.92
0, -23.66, -138.86
0, -23.36, -138.66
0, -23.36, -138.66
0, -23.25, -138.63
0, -23.29, -138.53
0, -23.18, -138.49
0, -23.18, -138.49
0, -23.22, -138.4
0, -23.22, -138.4
0, -23.14, -138.26
0, -23.14, -138.26
0, -23.22, -138.07
0, -23.14, -137.93
0, -23.14, -137.93
0, -23.11, -137.7
0, -23.11, -137.7
0, -23.04, -137.57
0, -23.04, -137.57
0, -22.9, -137.3
0, -22.9, -137.3
0, -22.73, -137.14
0, -22.73, -137.14
0, -22.66, -137.0
0, -22.66, -137.0
0, -22.7, -136.91
0, -22.7, -136.91
0, -22.74, -136.81
0, -22.74, -136.81
0, -22.88, -136.74
0, -22.92, -136.65
0, -22.82, -136.61
0, -22.86, -136.51
0, -22.82, -136.61
0, -22.75, -136.48
0, -22.75, -136.48
0, -22.69, -136.35
0, -22.69, -136.35
0, -22.52, -136.18
0, -22.5, -135.95
0, -22.5, -135.95
0, -22.44, -135.81
0, -22.44, -135.81
0, -22.37, -135.68
0, -22.48, -135.71
0, -22.52, -135.62
0, -22.52, -135.62
0, -22.52, -135.62
0, -22.56, -135.52
0, -22.56, -135.52
0, -22.6, -135.42
0, -22.5, -135.39
0, -22.54, -135.29
0, -22.54, -135.29
0, -22.44, -135.25
0, -22.44, -135.25
0, -22.32, -134.98
0, -21.88, -134.15
0, -21.88, -134.15
0, -21.76, -133.64
0, -21.76, -133.64
0, -21.7, -133.28
0, -21.7, -133.28
0, -21.75, -133.18
0, -21.75, -133.18
0, -21.79, -133.08
0, -21.79, -133.08
0, -21.98, -132.92
0, -21.88, -132.89
0, -21.88, -132.89
0, -21.88, -132.89
0, -21.88, -132.89
0, -21.83, -132.75
0, -21.79, -132.85
0, -21.74, -132.72
0, -21.74, -132.72
0, -21.6, -132.54
0, -21.55, -132.64
0, -21.41, -132.47
0, -21.36, -132.57
0, -21.27, -132.53
0, -21.08, -132.45
0, -21.08, -132.45
0, -20.99, -132.41
0, -21.03, -132.32
0, -20.94, -132.28
0, -20.99, -132.18
0, -20.89, -132.14
0, -20.89, -132.14
0, -20.9, -131.91
0, -20.9, -131.91
0, -20.76, -131.5
0, -20.76, -131.5
0, -20.64, -131.09
0, -20.64, -131.09
0, -20.5, -130.92
0, -20.5, -130.92
0, -20.46, -130.78
0, -20.46, -130.78
0, -20.33, -130.6
0, -20.33, -130.6
0, -20.16, -130.52
0, -20.16, -130.52
0, -19.37, -130.16
0, -19.37, -130.16
0, -19.37, -130.16
0, -19.32, -130.25
0, -19.4, -130.3
0, -19.4, -130.3
0, -19.49, -130.34
0, -19.54, -130.24
0, -19.54, -130.24
0, -19.54, -130.24
0, -19.54, -130.24
0, -19.63, -130.28
0, -19.63, -130.28
0, -19.8, -130.36
0, -19.85, -130.27
0, -19.85, -130.27
0, -19.85, -130.27
0, -19.9, -130.17
0, -19.9, -130.17
0, -19.82, -130.13
0, -19.82, -130.13
0, -19.82, -130.13
0, -19.82, -130.13
0, -19.73, -130.09
0, -19.73, -130.09
0, -19.69, -129.95
0, -19.61, -129.91
0, -19.43, -129.83
0, -19.43, -129.83
0, -19.43, -129.83
0, -19.43, -129.83
0, -19.35, -129.79
0, -19.35, -129.79
0, -19.18, -129.7
0, -18.95, -129.71
0, -19.0, -129.62
0, -19.0, -129.62
0, -19.0, -129.62
0, -18.97, -129.48
0, -18.97, -129.48
0, -19.02, -129.38
0, -19.02, -129.38
0, -19.08, -129.29
0, -19.16, -129.33
0, -19.21, -129.23
0, -19.21, -129.23
0, -19.32, -129.04
0, -19.32, -129.04
0, -19.37, -128.94
0, -19.37, -128.94
0, -19.37, -128.94
0, -19.28, -128.9
0, -19.28, -128.9
0, -19.28, -128.9
0, -19.2, -128.86
0, -19.2, -128.86
0, -19.2, -128.86
0, -18.9, -128.83
0, -18.9, -128.83
0, -18.65, -128.7
0, -18.65, -128.7
0, -18.56, -128.66
0, -18.56, -128.66
0, -18.45, -128.47
0, -18.53, -128.52
0, -18.45, -128.47
0, -18.59, -128.42
0, -18.59, -128.42
0, -18.59, -128.42
0, -18.72, -128.37
0, -18.78, -128.27
0, -18.78, -128.27
0, -18.78, -128.27
0, -18.69, -128.23
0, -18.75, -128.13
0, -18.69, -128.23
0, -18.61, -128.18
0, -18.61, -128.18
0, -18.61, -128.18
0, -18.45, -128.1
0, -18.45, -128.1
0, -18.12, -127.92
0, -17.8, -127.74
0, -17.72, -127.7
0, -17.72, -127.7
0, -17.64, -127.65
0, -17.64, -127.65
0, -17.53, -127.47
0, -17.53, -127.47
0, -17.51, -127.33
0, -17.51, -127.33
0, -17.41, -127.14
0, -17.41, -127.14
0, -17.25, -127.05
0, -17.25, -127.05
0, -17.17, -127.0
0, -17.17, -127.0
0, -17.01, -126.91
0, -17.01, -126.91
0, -16.78, -126.77
0, -16.49, -126.72
0, -16.55, -126.63
0, -16.4, -126.53
0, -16.4, -126.53
0, -16.32, -126.48
0, -16.32, -126.48
0, -16.22, -126.29
0, -16.22, -126.29
0, -16.21, -126.15
0, -16.02, -125.77
0, -15.86, -125.53
0, -15.86, -125.53
0, -15.84, -125.38
0, -15.84, -125.38
0, -15.76, -125.19
0, -15.7, -125.29
0, -15.54, -125.04
0, -15.54, -125.04
0, -15.39, -124.94
0, -15.33, -125.04
0, -15.26, -124.99
0, -15.26, -124.99
0, -15.26, -124.99
0, -15.19, -124.94
0, -15.19, -124.94
0, -15.19, -124.94
0, -15.17, -124.79
0, -15.17, -124.79
0, -15.09, -124.6
0, -15.09, -124.6
0, -15.0, -124.26
0, -15.05, -124.02
0, -15.05, -124.02
0, -14.97, -123.82
0, -15.03, -123.59
0, -15.03, -123.59
0, -14.95, -123.39
0, -14.95, -123.39
0, -14.88, -123.34
0, -14.88, -123.34
0, -14.74, -123.23
0, -14.33, -122.92
0, -13.67, -122.39
0, -10.71, -119.64
0, -9.16, -117.91
0, -8.8, -117.46
0, -8.8, -117.46
0, -8.64, -117.26
0, -8.64, -117.26
0, -8.59, -117.2
0, -8.59, -117.2
0, -8.49, -117.07
0, -8.42, -117.16
0, -8.32, -117.03
0, -8.32, -117.03
0, -8.2, -117.05
0, -8.2, -117.05
0, -7.91, -117.02
0, -7.62, -117.0
0, -7.62, -117.0
0, -7.52, -116.87
0, -7.52, -116.87
0, -7.35, -116.82
0, -7.35, -116.82
0, -7.16, -116.55
0, -6.83, -116.07
0, -6.32, -115.31
0, -6.19, -115.1
0, -6.26, -115.02
0, -6.17, -114.88
0, -6.17, -114.88
0, -6.13, -114.81
0, -6.06, -114.89
0, -6.06, -114.89
0, -6.06, -114.89
0, -5.94, -114.91
0, -5.94, -114.91
0, -5.82, -114.92
0, -5.75, -115.01
0, -5.75, -115.01
0, -5.71, -114.93
0, -5.71, -114.93
0, -5.66, -114.86
0, -5.66, -114.86
0, -5.62, -114.79
0, -5.62, -114.79
0, -5.54, -114.65
0, -5.57, -114.49
0, -5.49, -114.58
0, -5.45, -114.51
0, -5.45, -114.51
0, -5.41, -114.44
0, -5.41, -114.44
0, -5.33, -114.52
0, -5.33, -114.52
0, -5.22, -114.53
0, -5.1, -114.54
0, -5.1, -114.54
0, -4.99, -114.56
0, -5.06, -114.47
0, -5.02, -114.4
0, -5.02, -114.4
0, -4.98, -114.33
0, -4.98, -114.33
0, -4.98, -114.33
0, -4.94, -114.25
0, -4.86, -114.34
0, -4.82, -114.27
0, -4.82, -114.27
0, -4.75, -114.35
0, -4.63, -114.36
0, -4.63, -114.36
0, -4.52, -114.37
0, -4.59, -114.29
0, -4.48, -114.3
0, -4.55, -114.21
0, -4.51, -114.14
0, -4.47, -114.07
0, -4.47, -114.07
0, -4.47, -114.07
0, -4.47, -114.07
0, -4.08, -113.79
0, -4.08, -113.79
0, -3.93, -113.72
0, -3.89, -113.88
0, -3.85, -113.81
0, -3.89, -113.88
0, -3.89, -113.88
0, -3.93, -113.96
0, -3.93, -113.96
0, -4.01, -113.87
0, -4.01, -113.87
0, -4.05, -113.95
0, -4.09, -114.02
0, -4.01, -114.1
0, -4.01, -114.1
0, -4.01, -114.1
0, -3.97, -114.03
0, -3.97, -114.03
0, -3.93, -113.96
0, -3.93, -113.96
0, -3.93, -113.96
0, -3.78, -113.89
0, -3.78, -113.89
0, -3.43, -113.68
0, -3.43, -113.68
0, -3.4, -113.6
0, -3.47, -113.52
0, -3.43, -113.45
0, -3.39, -113.37
0, -3.32, -113.45
0, -3.32, -113.45
0, -3.32, -113.45
0, -3.09, -113.23
0, -3.02, -113.31
0, -2.65, -113.02
0, -2.65, -113.02
0, -2.2, -112.8
0, -1.95, -112.72
0, -1.87, -112.8
0, -1.72, -112.73
0, -1.72, -112.73
0, -1.54, -112.81
0, -1.32, -112.81
0, -1.32, -112.81
0, -1.17, -112.73
0, -1.17, -112.73
0, -1.06, -112.73
0, -1.06, -112.73
0, -0.99, -112.57
0, -0.85, -112.49
0, -0.88, -112.57
0, -0.74, -112.49
0, -0.74, -112.49
0, -0.63, -112.49
0, -0.63, -112.49
0, -0.55, -112.57
0, -0.55, -112.57
0, -0.44, -112.56
0, -0.44, -112.56
0, -0.41, -112.48
0, -0.41, -112.48
0, -0.38, -112.4
0, -0.38, -112.4
0, -0.35, -112.32
0, -0.39, -112.17
0, -0.31, -112.24
0, -0.28, -112.16
0, -0.31, -112.24
0, -0.21, -112.24
0, -0.21, -112.24
0, -0.1, -112.24
0, -0.02, -112.31
0, 0.01, -112.23
0, 0.09, -112.31
0, 0.04, -112.15
0, 0.04, -112.15
0, 0.04, -112.15
0, 0.07, -112.07
0, 0.11, -111.99
0, 0.11, -111.99
0, 0.14, -111.91
0, 0.21, -111.99
0, 0.24, -111.9
0, 0.21, -111.99
0, 0.32, -111.98
0, 0.43, -111.98
0, 0.43, -111.98
0, 0.54, -111.97
0, 0.54, -111.97
0, 0.57, -111.89
0, 0.57, -111.89
0, 0.71, -111.8
0, 0.84, -111.71
0, 0.84, -111.71
0, 0.95, -111.7
0, 0.95, -111.7
0, 1.09, -111.62
0, 1.09, -111.62
0, 1.27, -111.68
0, 1.49, -111.67
0, 1.49, -111.67
0, 1.56, -111.74
0, 1.59, -111.66
0, 1.62, -111.57
0, 1.62, -111.57
0, 1.62, -111.57
0, 1.62, -111.57
0, 1.65, -111.49
0, 1.65, -111.49
0, 1.63, -111.25
0, 1.65, -111.16
0, 1.68, -111.08
0, 1.68, -111.08
0, 1.76, -111.16
0, 1.79, -111.07
0, 1.79, -111.07
0, 1.89, -111.06
0, 1.89, -111.06
0, 1.97, -111.14
0, 2.08, -111.13
0, 2.08, -111.13
0, 2.1, -111.04
0, 2.1, -111.04
0, 2.13, -110.96
0, 2.13, -110.96
0, 2.16, -110.87
0, 2.16, -110.87
0, 2.13, -110.63
0, 2.16, -110.54
0, 2.16, -110.54
0, 2.18, -110.46
0, 2.26, -110.53
0, 2.26, -110.53
0, 2.34, -110.6
0, 2.34, -110.6
0, 2.34, -110.6
0, 2.42, -110.68
0, 2.42, -110.68
0, 2.55, -110.91
0, 2.55, -110.91
0, 2.71, -111.06
0, 2.71, -111.06
0, 2.78, -111.13
0, 2.81, -111.05
0, 2.73, -110.97
0, 2.76, -110.89
0, 2.76, -110.89
0, 2.76, -110.89
0, 2.76, -110.89
0, 2.68, -110.81
0, 2.68, -110.81
0, 2.68, -110.81
0, 2.63, -110.65
0, 2.63, -110.65
0, 2.55, -110.58
0, 2.57, -110.5
0, 2.49, -110.42
0, 2.6, -110.41
0, 2.55, -110.25
0, 2.62, -110.32
0, 2.65, -110.24
0, 2.65, -110.24
0, 2.67, -110.15
0, 2.67, -110.15
0, 2.75, -110.23
0, 2.75, -110.23
0, 2.88, -110.13
0, 2.88, -110.13
0, 3.06, -110.18
0, 3.04, -110.27
0, 3.12, -110.34
0, 3.12, -110.34
0, 3.19, -110.42
0, 3.19, -110.42
0, 3.27, -110.49
0, 3.27, -110.49
0, 3.27, -110.49
0, 3.3, -110.4
0, 3.3, -110.4
0, 3.3, -110.4
0, 3.3, -110.4
0, 3.32, -110.32
0, 3.24, -110.24
0, 3.27, -110.16
0, 3.29, -110.07
0, 3.29, -110.07
0, 3.29, -110.07
0, 3.37, -110.14
0, 3.37, -110.14
0, 3.37, -110.14
0, 3.37, -110.14
0, 3.45, -110.21
0, 3.42, -110.3
0, 3.5, -110.37
0, 3.58, -110.44
0, 3.58, -110.44
0, 3.58, -110.44
0, 3.61, -110.36
0, 3.71, -110.34
0, 3.71, -110.34
0, 3.81, -110.33
0, 3.83, -110.24
0, 3.89, -110.4
0, 3.91, -110.31
0, 3.99, -110.38
0, 3.99, -110.38
0, 3.99, -110.38
0, 4.07, -110.45
0, 4.05, -110.54
0, 4.21, -110.68
0, 4.21, -110.68
0, 4.36, -110.82
0, 4.36, -110.82
0, 4.36, -110.82
0, 4.39, -110.74
0, 4.47, -110.81
0, 4.47, -110.81
0, 4.67, -110.77
0, 4.67, -110.77
0, 4.88, -110.74
0, 4.88, -110.74
0, 4.88, -110.74
0, 4.8, -110.67
0, 4.9, -110.65
0, 4.82, -110.58
0, 4.84, -110.49
0, 4.74, -110.51
0, 4.76, -110.42
0, 4.76, -110.42
0, 4.7, -110.26
0, 4.78, -110.33
0, 4.73, -110.17
0, 4.81, -110.24
0, 4.83, -110.15
0, 4.83, -110.15
0, 4.93, -110.13
0, 4.93, -110.13
0, 4.95, -110.04
0, 5.01, -110.2
0, 5.03, -110.11
0, 5.13, -110.1
0, 5.13, -110.1
0, 5.23, -110.08
0, 5.23, -110.08
0, 5.35, -109.97
0, 5.35, -109.97
0, 5.37, -109.88
0, 5.49, -109.77
0, 5.49, -109.77
0, 5.59, -109.74
0, 5.59, -109.74
0, 5.79, -109.7
0, 5.79, -109.7
0, 5.97, -109.75
0, 5.97, -109.75
0, 6.09, -109.63
0, 6.09, -109.63
0, 6.19, -109.61
0, 6.19, -109.61
0, 6.21, -109.52
0, 6.21, -109.52
0, 6.23, -109.43
0, 6.23, -109.43
0, 6.23, -109.43
0, 6.24, -109.34
0, 6.24, -109.34
0, 6.26, -109.25
0, 6.26, -109.25
0, 6.36, -109.22
0, 6.36, -109.22
0, 6.44, -109.29
0, 6.64, -109.24
0, 6.64, -109.24
0, 6.75, -109.12
0, 6.75, -109.12
0, 6.85, -109.1
0, 6.83, -109.19
0, 6.93, -109.17
0, 6.93, -109.17
0, 7.01, -109.23
0, 6.99, -109.32
0, 7.07, -109.39
0, 7.15, -109.46
0, 7.17, -109.36
0, 7.17, -109.36
0, 7.17, -109.36
0, 7.17, -109.36
0, 7.19, -109.27
0, 7.11, -109.21
0, 7.12, -109.11
0, 7.14, -109.02
0, 7.14, -109.02
0, 7.16, -108.93
0, 7.22, -109.09
0, 7.32, -109.06
0, 7.32, -109.06
0, 7.41, -109.03
0, 7.51, -109.01
0, 7.52, -108.91
0, 7.7, -108.95
0, 7.7, -108.95
0, 7.8, -108.92
0, 7.8, -108.92
0, 7.8, -108.92
0, 7.88, -108.99
0, 7.97, -108.96
0, 7.96, -109.05
0, 8.04, -109.12
0, 8.04, -109.12
0, 8.04, -109.12
0, 8.04, -109.12
0, 8.1, -109.28
0, 8.1, -109.28
0, 8.1, -109.28
0, 8.18, -109.34
0, 8.2, -109.25
0, 8.28, -109.31
0, 8.28, -109.31
0, 8.36, -109.38
0, 8.37, -109.28
0, 8.45, -109.35
0, 8.45, -109.35
0, 8.47, -109.25
0, 8.57, -109.22
0, 8.57, -109.22
0, 8.66, -109.19
0, 8.65, -109.29
0, 8.73, -109.35
0, 8.73, -109.35
0, 8.81, -109.41
0, 8.89, -109.48
0, 8.89, -109.48
0, 8.89, -109.48
0, 8.9, -109.38
0, 8.98, -109.45
0, 9.0, -109.35
0, 9.08, -109.42
0, 9.09, -109.32
0, 9.09, -109.32
0, 9.19, -109.29
0, 9.25, -109.45
0, 9.43, -109.48
0, 9.41, -109.57
0, 9.74, -109.82
0, 9.74, -109.82
0, 10.22, -110.19
1, -28.71, -129.79
